1 0.275 0.42500000000000004 0.15000000000000002 0.15000000000000002
2 0.0625 0.275 0.17500000000000002 0.25
3 0.42500000000000004 0.9125000000000001 0.2 0.07500000000000001
4 0.55 0.125 0.2 0.2
4 0.35000000000000003 0.775 0.15000000000000002 0.15000000000000002
4 0.42500000000000004 0.275 0.05 0.05
4 0.35000000000000003 0.75 0.15000000000000002 0.15000000000000002
4 0.25 0.1375 0.15000000000000002 0.17500000000000002
4 0.1875 0.5125000000000001 0.125 0.125
4 0.525 0.125 0.1 0.1
4 0.4 0.35000000000000003 0.05 0.05
4 0.35000000000000003 0.7625000000000001 0.15000000000000002 0.125
4 0.375 0.75 0.1 0.1
4 0.5375 0.1125 0.17500000000000002 0.17500000000000002
4 0.55 0.1125 0.15000000000000002 0.17500000000000002
4 0.23750000000000002 0.1375 0.07500000000000001 0.07500000000000001
4 0.23750000000000002 0.1375 0.125 0.125
4 0.3875 0.7625000000000001 0.17500000000000002 0.17500000000000002
4 0.4375 0.2625 0.07500000000000001 0.07500000000000001
4 0.525 0.125 0.1 0.1
4 0.3875 0.35000000000000003 0.07500000000000001 0.1
4 0.5 0.375 0.1 0.1
4 0.23750000000000002 0.1125 0.07500000000000001 0.07500000000000001
4 0.3875 0.75 0.17500000000000002 0.2
4 0.41250000000000003 0.7625000000000001 0.125 0.125
4 0.375 0.775 0.15000000000000002 0.15000000000000002
4 0.4 0.375 0.05 0.05
4 0.375 0.3375 0.1 0.07500000000000001
4 0.0125 0.08750000000000001 0.07500000000000001 0.125
4 0.0125 0.025 0.07500000000000001 0.1
4 0.3875 0.36250000000000004 0.125 0.125
4 0.23750000000000002 0.15000000000000002 0.125 0.15000000000000002
4 0.3875 0.375 0.125 0.1
5 0.5125000000000001 0.1375 0.07500000000000001 0.07500000000000001
5 0.525 0.1375 0.05 0.07500000000000001
5 0.5125000000000001 0.1375 0.07500000000000001 0.07500000000000001
5 0.5125000000000001 0.1375 0.07500000000000001 0.07500000000000001
