0 0.1125 0.8250000000000001 0.125 0.15000000000000002
0 0.5750000000000001 0.9 0.15000000000000002 0.1
1 0.7125 0.28750000000000003 0.17500000000000002 0.17500000000000002
1 0.25 0.3875 0.1 0.125
1 0.4625 0.125 0.125 0.15000000000000002
1 0.5625 0.5125000000000001 0.125 0.125
3 0.1125 0.08750000000000001 0.125 0.125
3 0.2625 0.41250000000000003 0.225 0.225
3 0.3375 0.07500000000000001 0.225 0.2
4 0.6125 0.7125 0.125 0.125
4 0.1125 0.8875000000000001 0.17500000000000002 0.125
4 0.17500000000000002 0.3375 0.15000000000000002 0.17500000000000002
4 0.2 0.3375 0.25 0.225
4 0.6125 0.7125 0.125 0.125
